25 25
11
15
17
19
21
22
23
7 2 3 3 5
10 3 3 5
5 1 1 1 1 5
5 1 4
4 3 3 4
1 1 3 1 3 1 1 1
1 1 1 1 1 1 1 1 1 1
2 1 2 2 1 2
4 4
1 1
2 5 1
1 5 2
2 3 2
2 2
13
5 1 5
1 2 2 2 2 1
1 2 2 1
9
7 2
8 1
15
9 3 2
8 2 1
9 3 3
7 1 2 1 4
10 3 4
9 1 2
7 2 2 1 1
9 3 1 1
11 3 2
9 3 1 1
7 2 1 1
8 3 2
9 2 1 4
10 3 4
6 1 1 3
7 2 2 1
8 2 2
16
8 1
6 2
8
25
11
15
17
19
21
22
23
7 2 3 3 5
10 3 3 5
5 1 1 1 1 5
5 1 4
4 3 3 4
1 1 3 1 3 1 1 1
1 1 1 1 1 1 1 1 1 1
2 1 2 2 1 2
4 4
1 1
2 5 1
1 5 2
2 3 2
2 2
13
5 1 5
1 2 2 2 2 1
1 2 2 1
9
7 2
8 1
15
9 3 2
8 2 1
9 3 3
7 1 2 1 4
10 3 4
9 1 2
7 2 2 1 1
9 3 1 1
11 3 2
9 3 1 1
7 2 1 1
8 3 2
9 2 1 4
10 3 4
6 1 1 3
7 2 2 1
8 2 2
16
8 1
6 2
8
