30 30
8
3 3 5
13 2 2 2 2
3 14 3 2
5 2 1 3
3 1 6
1 1 4
6 3 3 3
3 3 7 3 4
3 3 9 3
3 1 11 4
2 2 5 3
3 2 6 5 4
2 2 2 2 4 3
3 1 2 2 2 3 4
2 1 1 4 1 3 3
3 1 1 6 1 3 4
2 1 1 6 1 3 3
3 1 1 4 1 3 4
2 1 2 2 2 2 3
3 2 2 2 2 4
2 2 6 2 3
12 12
4 8
3
3 1 3 1 1 4 1 1
1 1 1 1 1 1 1 1
3 2 1 3 1 4 2 1
1 1 1 1 1 1 1 1
1 1 3 1 1 4 1 1
1 1 1 3
4 1 3
4 1 3
4 17
1 1 16
1 5 1 1 1 1 1 1 1 1
1 1 1 1 1
1 1 3 1 5
1 1 5 8 1
2 3 2 3 5
2 2 6 2 1
3 2 2 2 2
4 2 2 2 2 1 5
2 1 3 1 4 1 1 1 1
1 1 3 1 6 1 1 5
1 2 3 1 6 1 1 1
1 2 3 1 4 1 1 5
1 1 3 2 2 2 1
2 1 4 2 2 2 5
4 5 6 2
3 5 3 1 3
1 11 1 1 1 1
2 2 9 1 1 1 1 1
2 1 2 7 1 3 1
1 1 1 2 1
1 1 1 1 5
1 1 2 1 1 1 1 1 1 1 1 1
2 19
21 3 1
20
