30 30
11 2 13
12 1 6 3
21 4
12 3 2
11 2 2
10 2 1 2
9 2 2 3 4
9 1 1 2 2 1
9 1 2
9 1 3 1 1 2 2
9 9 2 2 3
8 3 1 1 4
5 1 1 3 4
4 3 4 5
2 1 2 4 4
1 1 3 2 2 4 2 3
1 1 15 2 2
1 15 1 2
2 13 2 1
1 13 1 1
1 2 5 2 1 1
1 1 3 1 1
1 1 1
1 2 1
1 1 1 1
2 1 1 1
3 1 5 5 1 2
5 3 3 3 4
7 1 1 2 2 1 1 7
6 1 1 4 1 1 6
17 7
15 5
14 4
14 6 3
13 3 7
12 2 2
14 2
12 5 2
11 7 4
6 7 1
5 2 5 4
3 2 1 5 2
1 1 1 6 2
1 1 3 6 2
3 4 7 1
1 3 7 1
2 1 1 6 2
4 2 1 4 2
5 2 6 2
6 7 4
3 6 7 1
2 2 8 4
1 3 3 2
1 2 7 2
1 2 3 2 2
1 1 2 1 3 2
1 1 2 4 12
3 1 6 3
2 2 9 4
2 3 12 6
