30 30
12 4 5
9 6 4
14 2 5
5 6 2 2 3
3 4 2 4 2
2 3 2 2 3
3 2 4 3
2 2 2 3 2
1 3 2 8 2
1 6 3 2 7 3
3 3 2 1 8 1 1
1 3 3 8 1 1
1 3 2 8 1
3 2 5 8 1
3 1 1 4 8 1
2 2 2 4 7 1 1
1 2 1 1 6 6 1 1
1 1 3 4 4 1 2
2 5 1 2 2
2 9 3 2
1 4 7 4 2
1 3 8 4 3
2 8 5 3
2 3 16 2
3 1 2 9 7 2
4 2 9 1 6 2
4 7 1 8 1
4 7 3 3 1 1
5 5 7 2
11 2 4
13 1 2 10
8 1 2 8
5 1 2 4 6
4 1 1 2 1 1 5
4 1 2 2 2
3 1 4 1 1 1
3 1 8 2 1
3 2 1 1 1 1
3 1 2 1 3
1 1 2 1 1 5
1 1 1 1 1 1 6
1 2 2 2 2 7
2 2 2 3 8
2 2 5 9
1 2 14 1
2 1 16 2
1 2 7 10 3
1 2 1 1 1 12
1 2 2 7 7 2
2 1 2 10 3 1 2 1
1 2 12 1 2 3
2 2 13 6
3 2 10 8
1 2 11 8
1 11 9 1
1 1 23 1
3 1 7
4 2 3 9 2
10 9
14 7
