30 30
30
1 3 2 5 2 1 1
3 1 3 1 5 3 1 1 1
5 3 1 5 3 1 1 1
1 1 3 1 5 3 1 1 1
3 1 3 1 5 3 7
1 3 2 1 2 1 1
30
0
30
27 2
2 3 1 1 1
2 2 2 1 3 1 5
3 1 3 4 1 1 5
4 1 4 3 4 7
3 1 3 2 2 3
2 2 2 2 14
3 3 7
30
0
0
30
1 1 3 2 2 1 2
4 2 2 1 2 1 3 2 1
4 2 1 1 5 3 2 1
2 2 1 1 1 1 2
4 2 1 1 3 1 3 1 1
4 2 2 1 2 1 3 2 1
3 1 3 2 2 1 2 1
30
2 2 3 1 1 1
1 4 1 3 3 1 1 2 4
1 2 1 1 2 4 1 1 2 4
1 2 1 1 2 4 1 9
2 1 2 2 3 2 1 5 1
8 2 3 1 1
2 2 10 1 1
1 4 1 4 1 1 5 1
1 4 1 3 3 1 9
1 4 1 2 4 1 1 1
2 2 2 4 1 2 4
8 2 3 2 3 3
1 1 2 3 4 2
6 1 10 1 1
6 1 2 3 1 9
6 1 2 3 1 2 2
6 1 2 2 3 1 3 1
8 2 1 4 1 2 2 1
1 1 2 5 1 2 2 1
1 4 1 2 2 3 2 1 2
1 4 1 4 1 3 9
1 4 1 2 2 3 1 1
2 2 2 4 1 2 2 1
8 2 4 1 1 2 2 1
1 1 1 2 4 1 9
1 1 1 2 3 1 1 1 1
8 2 3 1 1 1 2 4
1 1 1 1 3 1 1 1 2 3
1 1 1 2 1 1 1 1 2 1 1
8 4 1 1 1 9
